0.010381062515079975
0.010107627138495445
0.010259833186864853
0.010295690037310123
0.009674620814621449
0.01087340246886015
0.00924744550138712
0.009655957110226154
0.010100260376930237
0.010663047432899475
0.009446865878999233
0.010678216814994812
0.00942879356443882
0.009527904912829399
0.009497172199189663
0.01037661824375391
0.009966976940631866
0.009829871356487274
0.00990667100995779
0.009566391818225384
0.010387606918811798
0.009927918203175068
0.010248311795294285
0.010179596021771431
0.010115991346538067
0.010567962191998959
0.010056424885988235
0.010189914144575596
0.009151563048362732
0.010156746953725815
0.010401597246527672
0.010556564666330814
0.009363539516925812
0.010568147525191307
0.010790473781526089
0.01023843139410019
0.009882854297757149
0.009615544229745865
0.009550935588777065
0.009537199512124062
0.010333867743611336
0.009775344282388687
0.010611272417008877
0.00941712036728859
0.009786499664187431
0.009808603674173355
0.010911901481449604
0.01067796815186739
0.009153366088867188
0.010040603578090668
0.00950316060334444
0.009871016256511211
0.009812870994210243
0.00972677581012249
0.010025565512478352
0.010711396113038063
0.010484048165380955
0.010177492164075375
0.010264436714351177
0.009701095521450043
0.009266911074519157
0.010424009524285793
0.010630598291754723
0.01010151207447052
0.01066416222602129
0.009682715870440006
0.009450224228203297
0.009823139756917953
0.010560805909335613
0.009749258868396282
0.009616260416805744
0.009897871874272823
0.010051355697214603
0.01021970808506012
0.009875960648059845
0.010271087288856506
0.01058500912040472
0.01007654145359993
0.00997079350054264
0.009688637219369411
0.009098632261157036
0.010208996944129467
0.009989103302359581
0.009636884555220604
0.010560983791947365
0.009533826261758804
0.009434209205210209
0.009755132719874382
0.009933861903846264
0.01009560376405716
0.009738904424011707
0.009911647997796535
0.010752773843705654
0.009752850979566574
0.010105201043188572
0.009996484965085983
0.01023806817829609
0.00960137415677309
0.009924559853971004
0.009358079172670841
