0.010059733875095844
0.009999409317970276
0.01034596934914589
0.00987274944782257
0.01017210353165865
0.010077988728880882
0.010157736018300056
0.010049357078969479
0.010028433054685593
0.010140147060155869
0.010076339356601238
0.009803012013435364
0.010002202354371548
0.010304453782737255
0.010006380267441273
0.010222655721008778
0.009720342233777046
0.009810402058064938
0.010212765075266361
0.009801489301025867
0.009852839633822441
0.0097733773291111
0.010429808869957924
0.009767935611307621
0.009779972024261951
0.010031756944954395
0.00963527150452137
0.010342039167881012
0.00995210837572813
0.009574688971042633
0.010063654743134975
0.010045254603028297
0.009642158634960651
0.009624040685594082
0.009894930757582188
0.010150700807571411
0.009893327951431274
0.00994012039154768
0.010090668685734272
0.010123384185135365
0.01007410790771246
0.010036690160632133
0.01035988051444292
0.009740941226482391
0.009697209112346172
0.010227634571492672
0.009587577544152737
0.010080198757350445
0.010002460330724716
0.010096123442053795
0.009998603723943233
0.010030696168541908
0.009887965396046638
0.01021552737802267
0.009614065289497375
0.010051069781184196
0.010511157102882862
0.009742621332406998
0.00994285847991705
0.009969023987650871
0.009980217553675175
0.009856445714831352
0.00994872022420168
0.009653660468757153
0.009626566432416439
0.009941903874278069
0.010205764323472977
0.010121660307049751
0.010341859422624111
0.009493203833699226
0.010120198130607605
0.009730197489261627
0.010269494727253914
0.010108711197972298
0.010099800303578377
0.010110128670930862
0.010073312558233738
0.009903477504849434
0.010028339922428131
0.010257784277200699
0.01048599649220705
0.010212663561105728
0.010084695182740688
0.009981639683246613
0.010008556768298149
0.009828735142946243
0.010111252777278423
0.010102574713528156
0.010040121152997017
0.009951673448085785
0.010052159428596497
0.009663357399404049
0.009614619426429272
0.010191592387855053
0.010230446234345436
0.009892811998724937
0.009915360249578953
0.010003739036619663
0.01003134436905384
0.010387188754975796
