0.010059403255581856
0.010673640295863152
0.009819061495363712
0.010024158284068108
0.009667497128248215
0.009921849705278873
0.01007776614278555
0.010574083775281906
0.008917732164263725
0.009700034745037556
0.009391185827553272
0.00991422776132822
0.010266387835144997
0.009647475555539131
0.01006136555224657
0.009939863346517086
0.010191407985985279
0.009579607285559177
0.010197585448622704
0.010743199847638607
0.010676166974008083
0.010187653824687004
0.009816918522119522
0.01013550441712141
0.009627964347600937
0.009873582050204277
0.009906556457281113
0.010057228617370129
0.009834663942456245
0.010030332021415234
0.010073821991682053
0.009916539303958416
0.010010517202317715
0.010152343660593033
0.009983493946492672
0.01030648685991764
0.009687653742730618
0.009959126822650433
0.009935297071933746
0.009814856573939323
0.01011325791478157
0.01029996108263731
0.009656098671257496
0.010103627108037472
0.009698786772787571
0.010652697645127773
0.010011795908212662
0.010051116347312927
0.010415859520435333
0.0105065256357193
0.009428395889699459
0.009692269377410412
0.010095212608575821
0.010317854583263397
0.010245060548186302
0.009689470753073692
0.009799517691135406
0.009923395700752735
0.010385229252278805
0.009592891670763493
0.010013950057327747
0.009478176012635231
0.010041485540568829
0.010453389957547188
0.010321023873984814
0.009712622500956059
0.010436177253723145
0.010662534274160862
0.009921371005475521
0.010014433413743973
0.009984420612454414
0.010066993534564972
0.009614421054720879
0.010430578142404556
0.009817336685955524
0.010001901537179947
0.01032173540443182
0.010418729856610298
0.00986501481384039
0.009923375211656094
0.010002684779465199
0.009645634330809116
0.009780687279999256
0.010601090267300606
0.009831244125962257
0.009818914346396923
0.009838729165494442
0.010429829359054565
0.010025186464190483
0.010289469733834267
0.0100834546610713
0.009865685366094112
0.009504121728241444
0.009855156764388084
0.009132015518844128
0.010271545499563217
0.010028737597167492
0.00992463156580925
0.01029678713530302
0.009241286665201187
