0.010313828475773335
0.009767263196408749
0.009403351694345474
0.010277120396494865
0.01007575262337923
0.010008441284298897
0.009707460179924965
0.010570533573627472
0.009465103037655354
0.010501284152269363
0.011030850932002068
0.009650454856455326
0.009942782111465931
0.009792986325919628
0.00925379991531372
0.009491797536611557
0.009938299655914307
0.01112447865307331
0.010397917591035366
0.010807584971189499
0.009887579828500748
0.009673179127275944
0.00952955987304449
0.010770409367978573
0.00976842362433672
0.009714382700622082
0.00955660454928875
0.010820859111845493
0.010420343838632107
0.00984069611877203
0.009485781192779541
0.00904348399490118
0.01032260525971651
0.011001444421708584
0.009139581583440304
0.010884634219110012
0.009195858612656593
0.010031010024249554
0.009091473184525967
0.011163647286593914
0.010663670487701893
0.00966162234544754
0.009766455739736557
0.010430444963276386
0.01029137335717678
0.009425321593880653
0.009294007904827595
0.009481369517743587
0.009148084558546543
0.010281830094754696
0.010103398002684116
0.009497320279479027
0.009298006072640419
0.009760108776390553
0.01025539729744196
0.010787032544612885
0.010218899697065353
0.01125720702111721
0.010166317224502563
0.009440302848815918
0.009810633026063442
0.009207269176840782
0.010124381631612778
0.010311716236174107
0.010044755414128304
0.010359646752476692
0.00939903687685728
0.009875957854092121
0.010051985271275043
0.010632892139256
0.009134932421147823
0.009907295927405357
0.00953967496752739
0.01109328679740429
0.010314482264220715
0.010073727928102016
0.00957094132900238
0.010776830837130547
0.009834825061261654
0.010018073953688145
0.009027484804391861
0.011066318489611149
0.010030490346252918
0.009357243776321411
0.010444024577736855
0.010239438153803349
0.008755278773605824
0.008913206867873669
0.010238632559776306
0.009996069595217705
0.010117725469172001
0.010056011378765106
0.00962773710489273
0.00860048457980156
0.010270839557051659
0.010809624567627907
0.010564773343503475
0.00938185304403305
0.01187137421220541
0.010458113625645638
