0.010291693732142448
0.00997124332934618
0.01018835324794054
0.009898724965751171
0.010016375221312046
0.01003631018102169
0.010014006868004799
0.01006567943841219
0.00998077355325222
0.010125393979251385
0.009937195107340813
0.010010058991611004
0.00998593121767044
0.01020375918596983
0.010100975632667542
0.01013173721730709
0.00984110590070486
0.009898162446916103
0.01009643729776144
0.009904418140649796
0.009824708104133606
0.009931654669344425
0.010261796414852142
0.00988144613802433
0.00991007685661316
0.010130180045962334
0.0097354082390666
0.010234391316771507
0.010044143535196781
0.00968985352665186
0.010142368264496326
0.00989964697510004
0.009836510755121708
0.00973404012620449
0.010075033642351627
0.009972563944756985
0.009985036216676235
0.010008497163653374
0.009939716197550297
0.010124394670128822
0.010081910528242588
0.009773679077625275
0.01007108110934496
0.010025938972830772
0.009885743260383606
0.010063707828521729
0.009873826056718826
0.010016754269599915
0.010093456134200096
0.010059582069516182
0.009815267287194729
0.009885462000966072
0.009787820279598236
0.00988344568759203
0.009969630278646946
0.010171431116759777
0.01027021836489439
0.009755843318998814
0.010003992356359959
0.00986245833337307
0.010210678912699223
0.010067169554531574
0.009992236271500587
0.00982941035181284
0.009783536195755005
0.009869080036878586
0.009942240081727505
0.010070777498185635
0.009944912977516651
0.009788109920918941
0.010081208311021328
0.009689712896943092
0.010191269218921661
0.009929774329066277
0.010107307694852352
0.010125522501766682
0.010088246315717697
0.009924194775521755
0.009989769198000431
0.010165814310312271
0.010201772674918175
0.010101205669343472
0.010104065760970116
0.010005376301705837
0.010094530880451202
0.009934786707162857
0.0101590845733881
0.00996897928416729
0.0101529061794281
0.00991850346326828
0.009912537410855293
0.009870510548353195
0.009799201972782612
0.010076404549181461
0.010318977758288383
0.00990814995020628
0.009927314706146717
0.009992941282689571
0.010171144269406796
0.01017946656793356
