0.009487398900091648
0.009884604252874851
0.009758313186466694
0.01029219850897789
0.010122527368366718
0.009593738242983818
0.01021691132336855
0.009899986907839775
0.009813512675464153
0.010338754393160343
0.009681615978479385
0.009969762526452541
0.010394026525318623
0.009909684769809246
0.010289746336638927
0.010869750753045082
0.009572881273925304
0.009945494122803211
0.010502314195036888
0.010608416050672531
0.009965621866285801
0.010160615667700768
0.009969981387257576
0.009548177942633629
0.009395713917911053
0.010165896266698837
0.00953343790024519
0.010742096230387688
0.009224203415215015
0.010126226581633091
0.010388998314738274
0.009717145934700966
0.00965514313429594
0.01039209309965372
0.009658842347562313
0.009836276061832905
0.01018300000578165
0.009700983762741089
0.009472295641899109
0.009523600339889526
0.010238142684102058
0.010058905929327011
0.009952445514500141
0.009584843181073666
0.009811080060899258
0.010411222465336323
0.01004844345152378
0.010209937579929829
0.009986328892409801
0.00985295046120882
0.009887400083243847
0.010019535198807716
0.009571854956448078
0.009802400134503841
0.009993884712457657
0.010682852938771248
0.010480355471372604
0.010057917796075344
0.009852482005953789
0.010119475424289703
0.010972398333251476
0.00979961734265089
0.009983816184103489
0.010333026759326458
0.009507808834314346
0.009477504529058933
0.010543770156800747
0.009801875799894333
0.009113220497965813
0.009814080782234669
0.010169860906898975
0.009872986935079098
0.009784878231585026
0.00997475627809763
0.010179906152188778
0.009246399626135826
0.00998785998672247
0.010001059621572495
0.010608690790832043
0.010089529678225517
0.009537344798445702
0.010198429226875305
0.010406434535980225
0.009439220651984215
0.010069036856293678
0.010221404023468494
0.01028890535235405
0.010025628842413425
0.009936469607055187
0.009704556316137314
0.009936157613992691
0.009888969361782074
0.010498125106096268
0.009877074509859085
0.009937361814081669
0.010173807851970196
0.010243057273328304
0.010623924434185028
0.009985740296542645
0.010610878467559814
