0.009971367195248604
0.01036034245043993
0.009733440354466438
0.0098701361566782
0.01016316469758749
0.009808160364627838
0.01004363875836134
0.010274996981024742
0.010047257877886295
0.010554465465247631
0.009984620846807957
0.009730522520840168
0.009664991870522499
0.010084920562803745
0.009911523200571537
0.009975929744541645
0.00982898660004139
0.010667654685676098
0.009926753118634224
0.010331949219107628
0.010075961239635944
0.010224880650639534
0.010157481767237186
0.010582644492387772
0.010179073549807072
0.010423535481095314
0.010238545946776867
0.010646889917552471
0.009997612796723843
0.009626676328480244
0.009484853595495224
0.009469683282077312
0.010114360600709915
0.010342848487198353
0.009786320850253105
0.010034618899226189
0.00946096796542406
0.009907534345984459
0.010041322559118271
0.010325973853468895
0.009955047629773617
0.01000721100717783
0.00994692463427782
0.010237772017717361
0.010572535917162895
0.010008208453655243
0.009132329374551773
0.009829356335103512
0.009914381429553032
0.009968660771846771
0.010332788340747356
0.010020151734352112
0.009415598586201668
0.009689743630588055
0.009900692850351334
0.009907105937600136
0.009984148666262627
0.010134163312613964
0.009961804375052452
0.009672599844634533
0.010004531592130661
0.009629316627979279
0.009886428713798523
0.009880599565804005
0.01029196660965681
0.010171802714467049
0.009690086357295513
0.00968622975051403
0.01018194854259491
0.010156366042792797
0.00999589916318655
0.00990429986268282
0.00992091465741396
0.011012062430381775
0.01017801370471716
0.009973614476621151
0.009894762188196182
0.010201161727309227
0.009796958416700363
0.00982294324785471
0.009420543909072876
0.010225743055343628
0.009978896006941795
0.009509029798209667
0.01053477544337511
0.010151496157050133
0.009413270279765129
0.009334634989500046
0.009722670540213585
0.010181643068790436
0.010493703186511993
0.009988286532461643
0.009609601460397243
0.009625629521906376
0.0098496088758111
0.010142712853848934
0.010363949462771416
0.010266524739563465
0.010137336328625679
0.010122200474143028
