0.010047812946140766
0.00994419027119875
0.01033919770270586
0.009961257688701153
0.010120063088834286
0.009884974919259548
0.010172043927013874
0.010036149993538857
0.010153152979910374
0.010194706730544567
0.009979786351323128
0.009759652428328991
0.009939170442521572
0.010370302014052868
0.010098692029714584
0.010103093460202217
0.009747127071022987
0.009797335602343082
0.010188724845647812
0.009770623408257961
0.009777233004570007
0.009774886071681976
0.01033488567918539
0.009801152162253857
0.009797152131795883
0.010005444288253784
0.009772900491952896
0.01022712979465723
0.01001069787889719
0.009526540525257587
0.010050058364868164
0.010188418440520763
0.009580853395164013
0.00956546701490879
0.009868786670267582
0.010134618729352951
0.009920640848577023
0.010010969825088978
0.010055892169475555
0.010093252174556255
0.010138061828911304
0.009766797535121441
0.010217453353106976
0.009932305663824081
0.009767621755599976
0.010223662480711937
0.009630708023905754
0.010055127553641796
0.010031428188085556
0.010041109286248684
0.009924555197358131
0.009966103360056877
0.010024620220065117
0.010262138210237026
0.009666983969509602
0.010032832622528076
0.010485307313501835
0.009645164012908936
0.009963694959878922
0.009922516532242298
0.010029351338744164
0.009875833056867123
0.009814132936298847
0.009728597477078438
0.00971962884068489
0.010021086782217026
0.01011846773326397
0.010122907347977161
0.010409119538962841
0.009666656143963337
0.01020672544836998
0.009679603390395641
0.01024487242102623
0.009980101138353348
0.010035768151283264
0.010210711508989334
0.010116340592503548
0.00987109076231718
0.00993887335062027
0.010360421612858772
0.010499758645892143
0.010212053544819355
0.010079935193061829
0.01001182571053505
0.010009176097810268
0.010023774579167366
0.01013950351625681
0.010055683553218842
0.010144476778805256
0.01004436332732439
0.00998600386083126
0.00967476051300764
0.009587913751602173
0.010163542814552784
0.010152553208172321
0.00994889810681343
0.009911072440445423
0.010071983560919762
0.010021448135375977
0.010307726450264454
