0.009742694906890392
0.009769925847649574
0.01107786875218153
0.00995392631739378
0.010344396345317364
0.00968699250370264
0.009867347776889801
0.010079371742904186
0.00999380275607109
0.009943341836333275
0.010215070098638535
0.010269401594996452
0.009819294326007366
0.009884149767458439
0.010366792790591717
0.009290480054914951
0.009206918068230152
0.010051247663795948
0.009327825158834457
0.009732834994792938
0.009527727030217648
0.009950065053999424
0.009419666603207588
0.009314063005149364
0.009075168520212173
0.010013244114816189
0.009928145445883274
0.00995105691254139
0.010589259676635265
0.009558994323015213
0.009838066063821316
0.010340201668441296
0.009742792695760727
0.009241851046681404
0.009897509589791298
0.010981295257806778
0.011602837592363358
0.010521773248910904
0.010960221290588379
0.010083968751132488
0.010374035686254501
0.010262327268719673
0.010190794244408607
0.010069132782518864
0.009578743949532509
0.009372871369123459
0.010113419964909554
0.009758621454238892
0.01031147874891758
0.009366302751004696
0.010326157324016094
0.009944438934326172
0.009680739603936672
0.010125742293894291
0.0093836085870862
0.01120575238019228
0.010021735914051533
0.010515914298593998
0.010786350816488266
0.009801149368286133
0.010691347531974316
0.009580179117619991
0.011091149412095547
0.010608228854835033
0.009494341909885406
0.01075737364590168
0.009104916825890541
0.009716215543448925
0.010554282926023006
0.009548185393214226
0.009700276888906956
0.010045631788671017
0.011002201586961746
0.010286001488566399
0.011471694335341454
0.010294090956449509
0.009903570637106895
0.009582825005054474
0.009185840375721455
0.009415158070623875
0.009842037223279476
0.010137045755982399
0.00961553119122982
0.009837926365435123
0.009605311788618565
0.011142660863697529
0.009557266719639301
0.00996336154639721
0.009431589394807816
0.00983814150094986
0.009692077524960041
0.010173891671001911
0.00932622142136097
0.00963347963988781
0.00996751245111227
0.010709766298532486
0.009896625764667988
0.009112787432968616
0.010032030753791332
0.010100280866026878
