0.010344047099351883
0.009885384701192379
0.010258300229907036
0.009845671243965626
0.010184679180383682
0.010080165229737759
0.010101511143147945
0.009891090914607048
0.009896141476929188
0.01019267551600933
0.010084967128932476
0.009644744917750359
0.010249645449221134
0.01032879576086998
0.01012339349836111
0.010399466380476952
0.009756049141287804
0.009806400164961815
0.010298356413841248
0.009804682806134224
0.00955980271100998
0.009902316145598888
0.010510602034628391
0.010025206953287125
0.009757284075021744
0.010069014504551888
0.009666139259934425
0.010159194469451904
0.009977275505661964
0.009612527675926685
0.01006210595369339
0.009706195443868637
0.009671386331319809
0.009649564512073994
0.010319988243281841
0.00992698222398758
0.010050117038190365
0.009777659550309181
0.009905919432640076
0.010073252953588963
0.010035847313702106
0.009608515538275242
0.01023076567798853
0.010062658227980137
0.009829713962972164
0.010331736877560616
0.009631170891225338
0.010064234025776386
0.010121851228177547
0.010119881480932236
0.009586206637322903
0.00971112959086895
0.009591522626578808
0.009718717075884342
0.00972985289990902
0.010273122228682041
0.010468341410160065
0.009392792358994484
0.009901001118123531
0.009893413633108139
0.010488532483577728
0.009882979094982147
0.009965023025870323
0.0100198769941926
0.00946645624935627
0.009925046935677528
0.009847969748079777
0.010298538953065872
0.009982510469853878
0.009632118977606297
0.010241973213851452
0.00972706824541092
0.010286000557243824
0.010136524215340614
0.010057272389531136
0.010293595492839813
0.010157440789043903
0.010033776983618736
0.010132312774658203
0.010261302813887596
0.010369660332798958
0.010114199481904507
0.010258316062390804
0.009859902784228325
0.010151900351047516
0.009708384983241558
0.010243432596325874
0.010159717872738838
0.010452816262841225
0.010014212690293789
0.010077901184558868
0.00976000726222992
0.009458690881729126
0.010281391441822052
0.010554074309766293
0.009729098528623581
0.010028539225459099
0.009750799275934696
0.010019480250775814
0.010310228914022446
