0.00971126463264227
0.009793194942176342
0.009625010192394257
0.010532528162002563
0.009802357293665409
0.010311959311366081
0.009869917295873165
0.01013282872736454
0.010038633830845356
0.010162271559238434
0.010358300991356373
0.010130937211215496
0.009974326007068157
0.010016394779086113
0.01035268884152174
0.00992969237267971
0.00992779154330492
0.010085305199027061
0.010062756016850471
0.010037141852080822
0.010068417526781559
0.00941239483654499
0.010006829164922237
0.009475448168814182
0.009883268736302853
0.00997567642480135
0.010170266032218933
0.009662001393735409
0.009891697205603123
0.009692372754216194
0.009573728777468204
0.010587580502033234
0.009646324440836906
0.009554972872138023
0.009821274317800999
0.00962187722325325
0.010050068609416485
0.009293047711253166
0.010135481134057045
0.009894714690744877
0.010545128956437111
0.009922686964273453
0.010008727200329304
0.010216616094112396
0.009878003038465977
0.009894043207168579
0.009989618323743343
0.010290930047631264
0.009755908511579037
0.009670145809650421
0.010164991021156311
0.010627173818647861
0.009614688344299793
0.009996820241212845
0.009729192592203617
0.009839752689003944
0.010443474166095257
0.009589407593011856
0.01005401648581028
0.010501745156943798
0.010135611519217491
0.010019419714808464
0.010291891172528267
0.010127865709364414
0.010559462942183018
0.010245058685541153
0.01023775339126587
0.010218928568065166
0.010913255624473095
0.009757468476891518
0.010031240060925484
0.010047218762338161
0.01013403944671154
0.009587832726538181
0.010115411132574081
0.009602600708603859
0.01022617518901825
0.010131300427019596
0.010283605195581913
0.009919854812324047
0.010535219684243202
0.009700572118163109
0.010105133056640625
0.010209375992417336
0.009999134577810764
0.010215436108410358
0.009971605613827705
0.009442634880542755
0.010306558571755886
0.009771471843123436
0.009956087917089462
0.00988838728517294
0.009830313734710217
0.00997398141771555
0.009851069189608097
0.010346542112529278
0.010471228510141373
0.009591662324965
0.009828608483076096
0.009413220919668674
