0.010065518319606781
0.009672955609858036
0.010120460763573647
0.010231598280370235
0.010183079168200493
0.010215671733021736
0.009984889067709446
0.009795975871384144
0.010000824928283691
0.010334460064768791
0.010370200499892235
0.009906678460538387
0.010206797160208225
0.009881370700895786
0.010123368352651596
0.009710360318422318
0.01017562486231327
0.010044638998806477
0.009846278466284275
0.010048477910459042
0.009745410643517971
0.009566848166286945
0.009629576466977596
0.009746403433382511
0.009725689888000488
0.010295783169567585
0.010197620838880539
0.010068865492939949
0.010184095241129398
0.010043295100331306
0.009746038354933262
0.010057645849883556
0.00965314544737339
0.010111765004694462
0.00997958704829216
0.009961139410734177
0.010238946415483952
0.010413085110485554
0.010544994845986366
0.010092376731336117
0.009714572690427303
0.01021219976246357
0.010127243585884571
0.010313981212675571
0.00946271326392889
0.009919027797877789
0.010000037029385567
0.009745649993419647
0.010061860084533691
0.009783630259335041
0.009781965054571629
0.010351012460887432
0.009808309376239777
0.010008183307945728
0.009550736285746098
0.010469894856214523
0.010074294172227383
0.009932482615113258
0.010494137182831764
0.009982275776565075
0.010239607654511929
0.009905179031193256
0.010610951110720634
0.009732455015182495
0.009969988837838173
0.010341193526983261
0.009870979003608227
0.009708761237561703
0.01039887685328722
0.009655173867940903
0.009763386100530624
0.010161449201405048
0.010220706462860107
0.01032906025648117
0.01028449460864067
0.010107189416885376
0.009595511481165886
0.009943107143044472
0.00963334459811449
0.009934727102518082
0.009901387616991997
0.0099960807710886
0.009802863933146
0.00976842176169157
0.009812964126467705
0.010343627072870731
0.009709949605166912
0.010255993343889713
0.009884782135486603
0.009881814010441303
0.009968829341232777
0.010197238065302372
0.009603399783372879
0.010183085687458515
0.010057213716208935
0.010027441196143627
0.010095639154314995
0.009685654193162918
0.0097769470885396
0.009924739599227905
