0.010034466162323952
0.009956622496247292
0.010318448767066002
0.00995591375976801
0.010091245174407959
0.00991817470639944
0.010164895094931126
0.0100536635145545
0.010081430897116661
0.010191482491791248
0.009989529848098755
0.009786376729607582
0.009946797043085098
0.010304740630090237
0.010081571526825428
0.010107005015015602
0.009776567108929157
0.009818672202527523
0.010170641355216503
0.009802635759115219
0.009821923449635506
0.009768987074494362
0.010280277580022812
0.009799417108297348
0.009836283512413502
0.01001385971903801
0.009788168594241142
0.010196465998888016
0.009993300773203373
0.00959711242467165
0.01005637738853693
0.01016339473426342
0.009642413817346096
0.009601499885320663
0.009874367155134678
0.010105948895215988
0.00993957370519638
0.010012641549110413
0.010061469860374928
0.010090898722410202
0.010099474340677261
0.009808645583689213
0.010218765586614609
0.009948492050170898
0.009767741896212101
0.010197939351201057
0.009692482650279999
0.010019576177001
0.010058386251330376
0.010012581013143063
0.00994176510721445
0.009958739392459393
0.01002540159970522
0.010210472159087658
0.009698808193206787
0.01001189835369587
0.010426447726786137
0.00969227496534586
0.009977481327950954
0.009920638054609299
0.009997761808335781
0.009901346638798714
0.009859379380941391
0.009748712182044983
0.009753945283591747
0.010033936239778996
0.010080520063638687
0.01010427437722683
0.010414826683700085
0.00967035349458456
0.010182290337979794
0.009717321023344994
0.010225281119346619
0.009976562112569809
0.010046366602182388
0.010193919762969017
0.010071207769215107
0.009856906719505787
0.009936729446053505
0.010313601233065128
0.010457228869199753
0.010176924988627434
0.01008679997175932
0.009972053579986095
0.010018506087362766
0.010021600872278214
0.010127602145075798
0.010038566775619984
0.01015415508300066
0.010014514438807964
0.009979554452002048
0.009718877263367176
0.009667331352829933
0.010167764499783516
0.010130171664059162
0.009939052164554596
0.009945213794708252
0.010074960067868233
0.010044657625257969
0.010295731015503407
