0.010152001865208149
0.00996509101241827
0.01026453822851181
0.009999661706387997
0.009981079958379269
0.009898259304463863
0.01012179534882307
0.009962504729628563
0.010115642100572586
0.010121086612343788
0.010079155676066875
0.00969776976853609
0.009898043237626553
0.010336631909012794
0.009970196522772312
0.010081869550049305
0.009637221693992615
0.009874170646071434
0.010191577486693859
0.009789385832846165
0.009683709591627121
0.009825042448937893
0.01031811535358429
0.0099129443988204
0.009892875328660011
0.0100814588367939
0.009825869463384151
0.010230193845927715
0.009901772253215313
0.009502418339252472
0.010065266862511635
0.010057637467980385
0.009708721190690994
0.009697899222373962
0.009930063039064407
0.010113728232681751
0.00990157388150692
0.010013523511588573
0.010043289512395859
0.01000213623046875
0.010108075104653835
0.009793750010430813
0.010263271629810333
0.009967108257114887
0.009860139340162277
0.01017226092517376
0.00963597558438778
0.010162502527236938
0.009997522458434105
0.010017656721174717
0.009870055131614208
0.010075042955577374
0.010072129778563976
0.01025756262242794
0.009743898175656796
0.010016552172601223
0.010457765311002731
0.009830852970480919
0.01003051083534956
0.010023925453424454
0.010200615040957928
0.00996681209653616
0.009848805144429207
0.009790598414838314
0.009694360196590424
0.009915955364704132
0.010154456831514835
0.010142960585653782
0.010128600522875786
0.00963947456330061
0.010146496817469597
0.009693322703242302
0.010212866589426994
0.010067460127174854
0.0100591154769063
0.010221092961728573
0.010176720097661018
0.009956544265151024
0.009932490065693855
0.010169020853936672
0.010374165140092373
0.010216102935373783
0.01012980192899704
0.01005171425640583
0.010116391815245152
0.010043511167168617
0.010109585709869862
0.009923293255269527
0.010196162387728691
0.01005002111196518
0.009964143857359886
0.0096852146089077
0.00948912650346756
0.010015604086220264
0.010180776007473469
0.009896201081573963
0.010061855427920818
0.010000606067478657
0.009952490217983723
0.01022305153310299
