0.009818356484174728
0.00983781274408102
0.00970008596777916
0.010174195282161236
0.009985389187932014
0.010411567986011505
0.009840602055191994
0.00999980978667736
0.010119032114744186
0.009838362224400043
0.010250992141664028
0.010066208429634571
0.010012580081820488
0.010156976990401745
0.01031608134508133
0.0098603256046772
0.009850701317191124
0.010141843929886818
0.009857863187789917
0.010226964019238949
0.009948229417204857
0.009542705491185188
0.009979807771742344
0.009587224572896957
0.009869400411844254
0.00985813606530428
0.009854886680841446
0.009631012566387653
0.010015811771154404
0.009799771010875702
0.00961854588240385
0.010468516498804092
0.00977485440671444
0.009712142869830132
0.009964768774807453
0.009504531510174274
0.010078691877424717
0.009700311347842216
0.010060710832476616
0.01000193227082491
0.01025276631116867
0.010083417408168316
0.009917010553181171
0.010097910650074482
0.010010766796767712
0.009705953299999237
0.010267242789268494
0.01027980912476778
0.009963491931557655
0.00964368972927332
0.01013929583132267
0.010608828626573086
0.009542932733893394
0.010002349503338337
0.010169262066483498
0.009823950007557869
0.010266679339110851
0.009528939612209797
0.010115087032318115
0.01030305027961731
0.009829825721681118
0.010116194374859333
0.010343950241804123
0.010207653045654297
0.010460843332111835
0.010185000486671925
0.010146079584956169
0.010286539793014526
0.010708829388022423
0.009822848252952099
0.009907957166433334
0.009912070818245411
0.010042387992143631
0.010113444179296494
0.009967087768018246
0.009798246435821056
0.010177714750170708
0.010133644565939903
0.010321622714400291
0.010259876027703285
0.010309050790965557
0.00985510740429163
0.010082205757498741
0.010091293603181839
0.010226096957921982
0.010199787095189095
0.009986753575503826
0.009412004612386227
0.010053353384137154
0.009787308983504772
0.009863409213721752
0.00980245042592287
0.00990653969347477
0.009743187576532364
0.009943504817783833
0.010382729582488537
0.010176697745919228
0.009879759512841702
0.009853098541498184
0.0095435231924057
