0.0096353180706501
0.009927692823112011
0.0097725298255682
0.01032724604010582
0.009922315366566181
0.010203166864812374
0.009939939714968204
0.010217031463980675
0.010375743731856346
0.010064462199807167
0.010119457729160786
0.00996026024222374
0.010217713192105293
0.00993426889181137
0.010244447737932205
0.009974854998290539
0.009914223104715347
0.00985143706202507
0.010321050882339478
0.010085984133183956
0.00994674302637577
0.009569243527948856
0.009751904755830765
0.009852019138634205
0.009729837998747826
0.009985478594899178
0.010058527812361717
0.009509065188467503
0.009717470966279507
0.009934699162840843
0.009803715161979198
0.01040179468691349
0.009740079753100872
0.009842196479439735
0.009731222875416279
0.009870205074548721
0.009986229240894318
0.009378335438668728
0.010018323548138142
0.01015439536422491
0.010439216159284115
0.009708357974886894
0.009693906642496586
0.010112636722624302
0.00995331909507513
0.010161389596760273
0.009990159422159195
0.009966385550796986
0.010031836107373238
0.009479954838752747
0.01011525560170412
0.010336325503885746
0.010117897763848305
0.010057415813207626
0.00996453408151865
0.01010352186858654
0.010358727537095547
0.009539291262626648
0.010313799604773521
0.010558602400124073
0.009678355418145657
0.010203652083873749
0.010208092629909515
0.010074571706354618
0.010418539866805077
0.0100285978987813
0.010086306370794773
0.010114077478647232
0.0108310142531991
0.009694634936749935
0.009764440357685089
0.009942392818629742
0.010033235885202885
0.00989821832627058
0.010053340345621109
0.009740986861288548
0.010306102223694324
0.010015908628702164
0.010194639675319195
0.010112591087818146
0.010340558364987373
0.00988406129181385
0.01003381796181202
0.010160911828279495
0.009942147880792618
0.010010119527578354
0.009870418347418308
0.009335602633655071
0.010483687743544579
0.009589548222720623
0.010219808667898178
0.00998897384852171
0.009812402538955212
0.010155010037124157
0.00989778246730566
0.010319271124899387
0.010557770729064941
0.009374119341373444
0.009770853444933891
0.009860523976385593
