0.010042048059403896
0.009786983951926231
0.010020939633250237
0.010268705897033215
0.010019142180681229
0.009978394955396652
0.01006530225276947
0.009838334284722805
0.010015150532126427
0.010220414958894253
0.010319145396351814
0.009885433129966259
0.01013842411339283
0.009976917877793312
0.01014199759811163
0.009789101779460907
0.010128621943295002
0.010014621540904045
0.009757249616086483
0.0099216029047966
0.009910199791193008
0.009687043726444244
0.009623407386243343
0.009715274907648563
0.00996172521263361
0.009981137700378895
0.00995884370058775
0.010128580965101719
0.0100628063082695
0.010011951439082623
0.010091274976730347
0.009879047982394695
0.009850403293967247
0.009888584725558758
0.009905843064188957
0.01028873398900032
0.010266010649502277
0.010118646547198296
0.0102879973128438
0.010052329860627651
0.009722266346216202
0.010136546567082405
0.010271918028593063
0.010087238624691963
0.009892256930470467
0.009829269722104073
0.00984108541160822
0.009765115566551685
0.010102693922817707
0.010104608722031116
0.009862177073955536
0.010233676061034203
0.0096134589985013
0.009892737492918968
0.009731163270771503
0.010151899419724941
0.009880507364869118
0.010060235857963562
0.010487525723874569
0.010265333577990532
0.010239108465611935
0.009978605434298515
0.010418915189802647
0.010135295800864697
0.010089111514389515
0.010212240740656853
0.009795908816158772
0.009824021719396114
0.01026079524308443
0.009715873748064041
0.009874332696199417
0.010176758281886578
0.010281762108206749
0.010132765397429466
0.010128344409167767
0.009753048419952393
0.009909877553582191
0.010209959000349045
0.009673933498561382
0.00983126275241375
0.0099010756239295
0.009907355532050133
0.009746975265443325
0.009952723048627377
0.009901992976665497
0.010395865887403488
0.009795170277357101
0.01017400436103344
0.009939572773873806
0.009927943348884583
0.010076072067022324
0.009994096122682095
0.009829003363847733
0.0100841224193573
0.009988435544073582
0.0099937217310071
0.010048630647361279
0.009917793795466423
0.009862489067018032
0.009990845806896687
