0.009937699884176254
0.009803632274270058
0.010127601213753223
0.009915606118738651
0.01001290325075388
0.010011998005211353
0.00991692766547203
0.009863526560366154
0.00994597002863884
0.010128416121006012
0.010195962153375149
0.009968411177396774
0.009969173930585384
0.009795097634196281
0.010117931291460991
0.009856607764959335
0.01004510372877121
0.010221748612821102
0.0098316241055727
0.00987986195832491
0.009906021878123283
0.009983479045331478
0.00978679396212101
0.009861624799668789
0.009692556224763393
0.010156870819628239
0.009881080128252506
0.009962915442883968
0.010259372182190418
0.010236135683953762
0.009737265296280384
0.009789966978132725
0.009839050471782684
0.009729687124490738
0.010027754120528698
0.01007743552327156
0.010447037406265736
0.010180292651057243
0.010403234511613846
0.010195932351052761
0.010000376030802727
0.010158601216971874
0.010086089372634888
0.010040788911283016
0.009562951512634754
0.009890539571642876
0.01014066580682993
0.009767758660018444
0.010205920785665512
0.009824126027524471
0.0099842743948102
0.010120625607669353
0.009737713262438774
0.009789294563233852
0.009789186529815197
0.010402164421975613
0.009959755465388298
0.010026236064732075
0.010288594290614128
0.009986537508666515
0.010248241014778614
0.009792651981115341
0.010293549858033657
0.010197680443525314
0.010074254125356674
0.01002761535346508
0.009934519417583942
0.009878180921077728
0.010320263914763927
0.009790445677936077
0.010163065046072006
0.010319544933736324
0.009984581731259823
0.010240720584988594
0.010250844061374664
0.010177903808653355
0.009855478070676327
0.010214872658252716
0.009812205098569393
0.00991488341242075
0.009953713044524193
0.01014045998454094
0.009723640978336334
0.009728259406983852
0.009798523969948292
0.010304844006896019
0.00989613775163889
0.010104713961482048
0.009975269436836243
0.00974173191934824
0.009904781356453896
0.010093186050653458
0.009853331372141838
0.010056623257696629
0.010076350532472134
0.010298538021743298
0.009993073530495167
0.009707779623568058
0.00982095766812563
0.00987428892403841
