0.010382398031651974
0.009971189312636852
0.010279620997607708
0.00996434036642313
0.01008687261492014
0.01006071362644434
0.010010126046836376
0.009958451613783836
0.00998066645115614
0.010148631408810616
0.0099307456985116
0.009877294301986694
0.010059893131256104
0.010185111314058304
0.01013039331883192
0.01017680298537016
0.009893466718494892
0.009796219877898693
0.010099957697093487
0.009868466295301914
0.009807515889406204
0.00993395783007145
0.010335669852793217
0.009876600466668606
0.009873740375041962
0.010063143447041512
0.009716369211673737
0.010188992135226727
0.010014532133936882
0.009607959538698196
0.010189845226705074
0.009830191731452942
0.009831386618316174
0.00971223320811987
0.010151447728276253
0.009886535815894604
0.010057586245238781
0.009945914149284363
0.009922891855239868
0.010114624164998531
0.010099342092871666
0.009745070710778236
0.010166355408728123
0.010103583335876465
0.009889818727970123
0.010126741603016853
0.009827977977693081
0.00998641736805439
0.010149024426937103
0.010143102146685123
0.009741573594510555
0.00985617283731699
0.009701933711767197
0.009753149934113026
0.009911269880831242
0.010250413790345192
0.010346063412725925
0.009619318880140781
0.010038561187684536
0.009848152287304401
0.010287228040397167
0.010058769956231117
0.009976026602089405
0.009843407198786736
0.009691710583865643
0.009853631258010864
0.009901206009089947
0.010086366906762123
0.00991306733340025
0.009729345329105854
0.010090182535350323
0.009651793166995049
0.010252485051751137
0.009952577762305737
0.010142853483557701
0.010133670642971992
0.010132870636880398
0.009927462786436081
0.01002686657011509
0.010243226774036884
0.010213866829872131
0.010051916353404522
0.010222523473203182
0.009979055263102055
0.010107421316206455
0.009802433662116528
0.010166540741920471
0.010028354823589325
0.010183191858232021
0.00990742351859808
0.00998771470040083
0.009854150004684925
0.009712018072605133
0.010103948414325714
0.010420773178339005
0.009835775941610336
0.009932201355695724
0.00993404258042574
0.010179396718740463
0.010255854576826096
